0 0 0 0 0 0 0 0 0 0 0 0 0 0 0 0 0 0 0 0 
0.777744 0.767371 0.707555 0.580118 0.39306 0.171828 -0.0494041 -0.236463 -0.363899 -0.423715 -0.434088 -0.427628 -0.39038 -0.311023 -0.194538 -0.056772 0.0809937 0.197479 0.276836 0.314084 
1.41466 1.39766 1.29962 1.09077 0.784205 0.421632 0.059059 -0.247507 -0.45636 -0.554391 -0.571392 -0.560472 -0.497506 -0.363359 -0.16645 0.0664321 0.299314 0.496224 0.63037 0.693336 
1.7803 1.76213 1.65736 1.43417 1.10655 0.719082 0.331612 0.00399351 -0.219201 -0.323964 -0.342132 -0.329824 -0.258853 -0.107651 0.114292 0.376782 0.639272 0.861215 1.01242 1.08339 
1.80326 1.78919 1.708 1.53505 1.28118 0.980928 0.680677 0.426805 0.253851 0.172671 0.158592 0.169137 0.229942 0.359486 0.549637 0.774528 0.999419 1.18957 1.31911 1.37992 
1.5 1.49358 1.45656 1.37769 1.26192 1.125 0.98808 0.87231 0.79344 0.75642 0.75 0.75642 0.79344 0.87231 0.98808 1.125 1.26192 1.37769 1.45656 1.49358 
0.977664 0.97984 0.992387 1.01912 1.05836 1.10477 1.15118 1.19042 1.21715 1.2297 1.23187 1.23323 1.24106 1.25774 1.28222 1.31117 1.34012 1.3646 1.38128 1.38911 
0.411096 0.419885 0.470564 0.578536 0.737022 0.924462 1.1119 1.27039 1.37836 1.42904 1.43783 1.4349 1.41801 1.38203 1.32922 1.26676 1.2043 1.15149 1.11551 1.09862 
-0.006145 0.00482715 0.0680965 0.20289 0.400748 0.634752 0.868756 1.06661 1.20141 1.26468 1.27565 1.27076 1.24255 1.18247 1.09427 0.989952 0.885639 0.797438 0.737351 0.709147 
-0.136655 -0.129025 -0.0850316 0.00869606 0.146275 0.308988 0.471701 0.60928 0.703008 0.747002 0.754631 0.750915 0.729489 0.68384 0.616835 0.537588 0.458341 0.391335 0.345687 0.32426 
0 0 0 0 0 0 0 0 0 0 0 0 0 0 0 0 0 0 0 0 
0.175176 0.166426 0.115967 0.00846647 -0.149329 -0.335952 -0.522575 -0.680371 -0.787871 -0.83833 -0.84708 -0.842639 -0.817029 -0.762469 -0.682382 -0.587664 -0.492946 -0.412859 -0.358299 -0.332689 
0.237824 0.220109 0.117958 -0.0996709 -0.419119 -0.796928 -1.17474 -1.49419 -1.71182 -1.81397 -1.83168 -1.82243 -1.76906 -1.65538 -1.4885 -1.29114 -1.09377 -0.926896 -0.813209 -0.759847 
0.159684 0.134283 -0.012187 -0.324237 -0.782283 -1.32401 -1.86573 -2.32378 -2.63583 -2.7823 -2.8077 -2.79402 -2.71515 -2.54712 -2.30048 -2.00878 -1.71707 -1.47043 -1.3024 -1.22353 
-0.0253439 -0.0552362 -0.227606 -0.594835 -1.13387 -1.77139 -2.40891 -2.94795 -3.31518 -3.48755 -3.51744 -3.50086 -3.40528 -3.20163 -2.90271 -2.54918 -2.19565 -1.89673 -1.69309 -1.59751 
-0.25 -0.27996 -0.45272 -0.82078 -1.36104 -2 -2.63896 -3.17922 -3.54728 -3.72004 -3.75 -3.73288 -3.63416 -3.42384 -3.11512 -2.75 -2.38488 -2.07616 -1.86584 -1.76712 
-0.438144 -0.463796 -0.611715 -0.926852 -1.38943 -1.93651 -2.4836 -2.94617 -3.26131 -3.40923 -3.43488 -3.41972 -3.33228 -3.146 -2.87257 -2.54918 -2.2258 -1.95237 -1.76609 -1.67865 
-0.524916 -0.543285 -0.649205 -0.874864 -1.2061 -1.59785 -1.9896 -2.32083 -2.54649 -2.65241 -2.67078 -2.65945 -2.59409 -2.45486 -2.25049 -2.00878 -1.76706 -1.56269 -1.42346 -1.35811 
-0.472575 -0.482993 -0.543066 -0.671048 -0.858908 -1.08109 -1.30327 -1.49113 -1.61911 -1.67918 -1.6896 -1.68278 -1.64344 -1.55964 -1.43662 -1.29114 -1.14565 -1.02263 -0.93883 -0.899494 
-0.282023 -0.286077 -0.309455 -0.359261 -0.432369 -0.518833 -0.605297 -0.678405 -0.72821 -0.751588 -0.755642 -0.752767 -0.736184 -0.700855 -0.648997 -0.587666 -0.526334 -0.474476 -0.439147 -0.422565 
0 0 0 0 0 0 0 0 0 0 0 0 0 0 0 0 0 0 0 0 
0.27432 0.278374 0.301752 0.351558 0.424665 0.511129 0.597592 0.6707 0.720505 0.743883 0.747937 0.745127 0.728925 0.694406 0.643738 0.583813 0.523888 0.473219 0.438701 0.422499 
0.42624 0.436658 0.49673 0.624712 0.812572 1.03475 1.25693 1.44479 1.57277 1.63285 1.64326 1.63684 1.59979 1.52086 1.405 1.26797 1.13094 1.01508 0.936147 0.899098 
0.41076 0.429129 0.535048 0.760707 1.09194 1.48369 1.87544 2.20668 2.43234 2.53825 2.55662 2.54627 2.48655 2.35932 2.17257 1.9517 1.73083 1.54407 1.41685 1.35713 
0.24768 0.273332 0.421251 0.736388 1.19896 1.74605 2.29313 2.75571 3.07085 3.21876 3.24442 3.23088 3.15285 2.9866 2.74257 2.45395 2.16534 1.92131 1.75506 1.67702 
0 0.02996 0.20272 0.57078 1.11104 1.75 2.38896 2.92922 3.29728 3.47004 3.5 3.48502 3.39864 3.21461 2.94448 2.625 2.30552 2.03539 1.85136 1.76498 
-0.24768 -0.217788 -0.0454178 0.321811 0.860851 1.49837 2.13588 2.67492 3.04215 3.21452 3.24442 3.23018 3.14807 2.97313 2.71636 2.41267 2.10899 1.85221 1.67728 1.59517 
-0.41076 -0.38536 -0.23889 0.0731606 0.531206 1.07293 1.61466 2.0727 2.38475 2.53122 2.55662 2.54509 2.47862 2.33699 2.1291 1.88324 1.63737 1.42948 1.28786 1.22138 
-0.42624 -0.408525 -0.306374 -0.0887448 0.230704 0.608513 0.986321 1.30577 1.5234 1.62555 1.64327 1.63562 1.59156 1.49769 1.3599 1.19693 1.03396 0.896169 0.802296 0.758234 
-0.27432 -0.265569 -0.215111 -0.107611 0.0501846 0.236807 0.42343 0.581226 0.688726 0.739184 0.747935 0.744342 0.723626 0.679492 0.614709 0.538091 0.461473 0.39669 0.352556 0.33184 
0 0 0 0 0 0 0 0 0 0 0 0 0 0 0 0 0 0 0 0 
0.282024 0.274131 0.228616 0.131647 -0.0106887 -0.179028 -0.347368 -0.489704 -0.586673 -0.632187 -0.640081 -0.637082 -0.619788 -0.582945 -0.528865 -0.464905 -0.400944 -0.346864 -0.310021 -0.292728 
0.472576 0.460017 0.3876 0.233315 0.00684842 -0.260992 -0.528832 -0.7553 -0.909584 -0.982001 -0.99456 -0.990489 -0.967011 -0.916991 -0.84357 -0.756736 -0.669902 -0.596481 -0.546462 -0.522984 
0.524916 0.512219 0.439 0.28301 0.0540395 -0.216762 -0.487564 -0.716534 -0.872524 -0.945742 -0.95844 -0.955706 -0.939942 -0.906358 -0.85706 -0.798756 -0.740452 -0.691154 -0.65757 -0.641806 
0.438144 0.429446 0.379294 0.272444 0.115605 -0.0698878 -0.25538 -0.41222 -0.519069 -0.569222 -0.577919 -0.578353 -0.580855 -0.586186 -0.59401 -0.603264 -0.612517 -0.620342 -0.625672 -0.628174 
0.25 0.24786 0.23552 0.20923 0.17064 0.125 0.07936 0.04077 0.01448 0.00214003 0 -0.00428 -0.02896 -0.08154 -0.15872 -0.25 -0.34128 -0.41846 -0.47104 -0.49572 
0.0253439 0.030074 0.0573491 0.115458 0.200754 0.301632 0.402511 0.487806 0.545915 0.57319 0.57792 0.570419 0.527166 0.435015 0.299752 0.139776 -0.0201989 -0.155463 -0.247613 -0.290866 
-0.159684 -0.150113 -0.0949226 0.0226595 0.195253 0.399378 0.603503 0.776097 0.893679 0.948869 0.958441 0.949454 0.897634 0.787234 0.625182 0.433525 0.241867 0.0798149 -0.0305851 -0.0824046 
-0.237824 -0.227275 -0.166444 -0.0368466 0.153384 0.378368 0.603352 0.793583 0.92318 0.98401 0.99456 0.986469 0.939817 0.840424 0.694531 0.521984 0.349437 0.203543 0.104151 0.0574986 
-0.175176 -0.168197 -0.127956 -0.042224 0.0836189 0.232452 0.381285 0.507128 0.59286 0.633101 0.64008 0.635252 0.60741 0.548095 0.461029 0.358056 0.255083 0.168017 0.108702 0.0808606 
